0 0.3095703125 0.7255859375 0.376953125 0.5009765625
0 0.7177734375 0.587890625 0.2294921875 0.32421875
0 0.7919921875 0.3447265625 0.1318359375 0.18359375
1 0.58984375 0.533203125 0.060546875 0.1611328125
1 0.8203125 0.890625 0.0859375 0.20703125
1 0.8720703125 0.7109375 0.07421875 0.1728515625
1 0.919921875 0.591796875 0.05859375 0.1865234375
1 0.8916015625 0.4287109375 0.0361328125 0.1279296875
1 0.6884765625 0.439453125 0.052734375 0.115234375
1 0.5634765625 0.46875 0.0390625 0.1416015625
0 0.8369140625 0.2470703125 0.078125 0.1103515625