1 0.810546875 0.54296875 0.05078125 0.078125
1 0.8876953125 0.533203125 0.0419921875 0.07421875
0 0.771484375 0.505859375 0.162109375 0.1181640625
1 0.5498046875 0.591796875 0.1181640625 0.1005859375
1 0.3310546875 0.6328125 0.130859375 0.1220703125
1 0.1806640625 0.4833984375 0.06640625 0.064453125
1 0.2568359375 0.4677734375 0.0498046875 0.0546875
1 0.0849609375 0.5078125 0.0712890625 0.0615234375
1 0.0810546875 0.63671875 0.111328125 0.11328125
0 0.298828125 0.5654296875 0.2939453125 0.1611328125
0 0.5625 0.421875 0.291015625 0.2236328125
0 0.8994140625 0.44921875 0.0693359375 0.05859375
0 0.9560546875 0.4677734375 0.072265625 0.0908203125