0 0.5498046875 0.568359375 0.2451171875 0.361328125
1 0.9150390625 0.4658203125 0.046875 0.1337890625
1 0.7333984375 0.544921875 0.05859375 0.1806640625
1 0.9013671875 0.712890625 0.0771484375 0.2138671875
1 0.7509765625 0.84765625 0.0830078125 0.2470703125
1 0.7861328125 0.587890625 0.060546875 0.150390625
1 0.36328125 0.6474609375 0.1005859375 0.224609375
1 0.447265625 0.5546875 0.072265625 0.1650390625
0 0.8701171875 0.2138671875 0.0634765625 0.1123046875
1 0.84375 0.3505859375 0.0390625 0.1171875
1 0.900390625 0.31640625 0.0341796875 0.1025390625