0 0.703125 0.4716796875 0.140625 0.1201171875
0 0.484375 0.5029296875 0.208984375 0.1455078125
0 0.943359375 0.48046875 0.068359375 0.07421875
1 0.62890625 0.5400390625 0.078125 0.0927734375
1 0.2646484375 0.60546875 0.1162109375 0.1279296875
1 0.35546875 0.5712890625 0.10546875 0.109375
1 0.3046875 0.4677734375 0.064453125 0.0712890625
1 0.2265625 0.470703125 0.0625 0.0751953125
1 0.1826171875 0.5693359375 0.09765625 0.11328125
1 0.779296875 0.5234375 0.056640625 0.0703125
1 0.849609375 0.484375 0.0361328125 0.0595703125