0 0.50390625 0.5615234375 0.2626953125 0.41796875
0 0.7783203125 0.296875 0.1201171875 0.1767578125
0 0.775390625 0.44921875 0.1591796875 0.2578125
0 0.9052734375 0.2578125 0.08203125 0.1357421875
0 0.8427734375 0.1748046875 0.0625 0.1259765625
1 0.705078125 0.7939453125 0.072265625 0.2373046875
1 0.86328125 0.6572265625 0.06640625 0.2294921875
1 0.919921875 0.5791015625 0.04296875 0.185546875
1 0.8642578125 0.400390625 0.0322265625 0.1298828125
1 0.80859375 0.8955078125 0.087890625 0.208984375
1 0.9501953125 0.4501953125 0.044921875 0.111328125