0 0.61328125 0.6767578125 0.2705078125 0.439453125
0 0.65234375 0.4228515625 0.1748046875 0.251953125
0 0.84765625 0.35546875 0.103515625 0.2275390625
0 0.8515625 0.19921875 0.0595703125 0.1201171875
1 0.7841796875 0.7001953125 0.07421875 0.212890625
1 0.8544921875 0.8720703125 0.080078125 0.2333984375
1 0.888671875 0.6513671875 0.0625 0.173828125
0 0.1962890625 0.7783203125 0.392578125 0.443359375
1 0.92578125 0.390625 0.046875 0.1201171875
1 0.962890625 0.4130859375 0.044921875 0.12109375
1 0.9072265625 0.255859375 0.02734375 0.08203125
1 0.90234375 0.5263671875 0.064453125 0.099609375