0 0.69140625 0.3330078125 0.1923828125 0.1669921875
0 0.22265625 0.7578125 0.4443359375 0.45703125
1 0.5380859375 0.8701171875 0.1650390625 0.2421875
1 0.669921875 0.9130859375 0.138671875 0.1728515625
1 0.4501953125 0.4345703125 0.0927734375 0.1357421875
1 0.548828125 0.521484375 0.0947265625 0.1611328125
1 0.935546875 0.54296875 0.0849609375 0.1669921875
1 0.7626953125 0.537109375 0.1005859375 0.146484375
1 0.8671875 0.3798828125 0.076171875 0.125
1 0.609375 0.6181640625 0.111328125 0.154296875
0 0.71875 0.1669921875 0.119140625 0.0908203125
1 0.7451171875 0.724609375 0.123046875 0.15234375
1 0.765625 0.4072265625 0.1005859375 0.1005859375
1 0.8583984375 0.2998046875 0.0546875 0.1015625
1 0.8056640625 0.2080078125 0.0400390625 0.0693359375