1 0.35546875 0.8505859375 0.1025390625 0.25
1 0.4248046875 0.59375 0.09375 0.1572265625
1 0.314453125 0.5966796875 0.095703125 0.2099609375
1 0.5712890625 0.7041015625 0.095703125 0.2353515625
1 0.6611328125 0.5078125 0.0498046875 0.1357421875
1 0.642578125 0.427734375 0.044921875 0.1435546875
1 0.7529296875 0.2802734375 0.03125 0.09765625
1 0.7822265625 0.234375 0.025390625 0.0673828125
1 0.7158203125 0.25 0.0244140625 0.078125
1 0.6669921875 0.291015625 0.03125 0.078125
1 0.689453125 0.2177734375 0.0263671875 0.0673828125
1 0.794921875 0.197265625 0.0166015625 0.0478515625
0 0.740234375 0.1689453125 0.0498046875 0.080078125
0 0.771484375 0.12109375 0.0244140625 0.0478515625
0 0.802734375 0.126953125 0.041015625 0.10546875
0 0.55859375 0.3349609375 0.1435546875 0.216796875