1 0.3642578125 0.765625 0.1162109375 0.2587890625
1 0.546875 0.6181640625 0.0810546875 0.208984375
0 0.5107421875 0.4052734375 0.205078125 0.265625
1 0.6640625 0.3515625 0.04296875 0.11328125
1 0.62890625 0.607421875 0.068359375 0.23046875
1 0.75390625 0.3330078125 0.0322265625 0.103515625
1 0.7099609375 0.291015625 0.029296875 0.0986328125
1 0.6513671875 0.2822265625 0.03125 0.0810546875
1 0.6201171875 0.2509765625 0.033203125 0.0751953125
0 0.771484375 0.19921875 0.0556640625 0.107421875
1 0.0771484375 0.9072265625 0.1376953125 0.1533203125