1 0.556640625 0.7236328125 0.087890625 0.21875
1 0.646484375 0.5791015625 0.0703125 0.17578125
1 0.306640625 0.5576171875 0.0634765625 0.1787109375
1 0.6162109375 0.43359375 0.0458984375 0.1484375
1 0.671875 0.3212890625 0.03125 0.1015625
0 0.462890625 0.5595703125 0.2548828125 0.40234375
0 0.642578125 0.25 0.0908203125 0.150390625
0 0.76171875 0.2119140625 0.06640625 0.126953125
0 0.6962890625 0.1962890625 0.0693359375 0.111328125
0 0.7236328125 0.162109375 0.0419921875 0.0888671875
0 0.390625 0.2880859375 0.1650390625 0.1513671875
1 0.4150390625 0.44140625 0.0400390625 0.1123046875
1 0.462890625 0.3740234375 0.037109375 0.095703125