1 0.33984375 0.6064453125 0.0908203125 0.1923828125
1 0.439453125 0.56640625 0.080078125 0.1923828125
1 0.4765625 0.3701171875 0.0556640625 0.107421875
1 0.5224609375 0.458984375 0.0478515625 0.154296875
0 0.595703125 0.5068359375 0.2109375 0.3916015625
0 0.71484375 0.349609375 0.0966796875 0.189453125
0 0.7587890625 0.267578125 0.0673828125 0.12890625
0 0.5732421875 0.302734375 0.146484375 0.193359375
1 0.6669921875 0.302734375 0.029296875 0.0869140625
1 0.6455078125 0.228515625 0.033203125 0.0654296875
1 0.7255859375 0.2236328125 0.0244140625 0.068359375
1 0.76171875 0.150390625 0.015625 0.04296875