1 0.7890625 0.2060546875 0.01953125 0.0556640625
1 0.7578125 0.2138671875 0.0234375 0.060546875
0 0.73046875 0.171875 0.046875 0.076171875
0 0.6572265625 0.234375 0.0849609375 0.1318359375
1 0.60546875 0.3271484375 0.0341796875 0.0771484375
1 0.5947265625 0.46484375 0.0576171875 0.1435546875
1 0.5556640625 0.4208984375 0.0478515625 0.140625
1 0.5146484375 0.3828125 0.052734375 0.1201171875
1 0.466796875 0.5048828125 0.0693359375 0.154296875
1 0.576171875 0.763671875 0.0908203125 0.2509765625
1 0.369140625 0.4697265625 0.09765625 0.1240234375
1 0.095703125 0.748046875 0.0478515625 0.1572265625
0 0.2412109375 0.74609375 0.3974609375 0.482421875