0 0.77734375 0.2080078125 0.056640625 0.103515625
0 0.7314453125 0.16796875 0.0458984375 0.0810546875
0 0.7568359375 0.1328125 0.0283203125 0.0537109375
0 0.6591796875 0.2451171875 0.0986328125 0.140625
1 0.7177734375 0.279296875 0.0283203125 0.080078125
1 0.7265625 0.369140625 0.0361328125 0.12109375
1 0.630859375 0.357421875 0.0439453125 0.134765625
1 0.658203125 0.427734375 0.046875 0.1318359375
1 0.564453125 0.42578125 0.06640625 0.0927734375
0 0.3388671875 0.625 0.26953125 0.4375
0 0.5244140625 0.705078125 0.265625 0.4970703125