1 0.638671875 0.419921875 0.046875 0.15234375
1 0.6923828125 0.443359375 0.0576171875 0.158203125
1 0.75390625 0.3271484375 0.0390625 0.1064453125
1 0.560546875 0.4541015625 0.072265625 0.1201171875
0 0.6572265625 0.248046875 0.0986328125 0.1572265625
0 0.708984375 0.1728515625 0.0537109375 0.0927734375
0 0.7626953125 0.205078125 0.0478515625 0.09375
0 0.3056640625 0.62109375 0.2783203125 0.4248046875
0 0.4423828125 0.734375 0.388671875 0.53125
0 0.7509765625 0.1328125 0.0361328125 0.0615234375
0 0.8037109375 0.1298828125 0.0283203125 0.0556640625