1 0.2392578125 0.677734375 0.1298828125 0.201171875
1 0.38671875 0.474609375 0.0517578125 0.1591796875
1 0.6533203125 0.541015625 0.0537109375 0.169921875
1 0.712890625 0.4052734375 0.048828125 0.125
1 0.6630859375 0.37890625 0.046875 0.109375
1 0.626953125 0.3369140625 0.0419921875 0.1142578125
0 0.734375 0.291015625 0.09375 0.169921875
0 0.693359375 0.2236328125 0.0849609375 0.1279296875
0 0.72265625 0.1708984375 0.060546875 0.0908203125
0 0.76953125 0.201171875 0.0556640625 0.099609375
0 0.7568359375 0.130859375 0.03125 0.0537109375
1 0.8056640625 0.2099609375 0.0146484375 0.0556640625
1 0.2998046875 0.548828125 0.0732421875 0.1123046875
1 0.4501953125 0.3857421875 0.0322265625 0.0849609375