1 0.5810546875 0.6689453125 0.0849609375 0.2216796875
1 0.568359375 0.5048828125 0.068359375 0.166015625
1 0.1650390625 0.4375 0.08984375 0.115234375
0 0.5439453125 0.3564453125 0.16796875 0.224609375
0 0.7470703125 0.2431640625 0.0634765625 0.134765625
0 0.662109375 0.220703125 0.08984375 0.15234375
0 0.7255859375 0.166015625 0.0537109375 0.1025390625
1 0.7626953125 0.1455078125 0.013671875 0.0390625
1 0.7724609375 0.1357421875 0.01171875 0.029296875
0 0.7978515625 0.146484375 0.0341796875 0.0634765625
0 0.779296875 0.109375 0.02734375 0.0419921875