0 0.2587890625 0.755859375 0.4599609375 0.453125
0 0.5576171875 0.46875 0.22265625 0.3720703125
0 0.7470703125 0.2392578125 0.123046875 0.1953125
0 0.82421875 0.1689453125 0.072265625 0.14453125
1 0.59765625 0.7138671875 0.0869140625 0.232421875
1 0.685546875 0.7861328125 0.0966796875 0.2724609375
1 0.84375 0.775390625 0.0849609375 0.2607421875
1 0.7802734375 0.626953125 0.0712890625 0.2109375
1 0.7255859375 0.490234375 0.0927734375 0.1708984375
1 0.8935546875 0.42578125 0.064453125 0.146484375
1 0.8388671875 0.3330078125 0.0380859375 0.1142578125
1 0.796875 0.3935546875 0.0556640625 0.166015625