0 0.6416015625 0.4150390625 0.1806640625 0.2548828125
0 0.6044921875 0.7392578125 0.294921875 0.4716796875
1 0.779296875 0.86328125 0.0849609375 0.2578125
1 0.9072265625 0.8955078125 0.0869140625 0.2080078125
1 0.8427734375 0.65625 0.0615234375 0.234375
1 0.8173828125 0.4150390625 0.05078125 0.146484375
1 0.9384765625 0.326171875 0.0390625 0.1181640625
0 0.8759765625 0.2509765625 0.0791015625 0.1396484375
1 0.95703125 0.4228515625 0.048828125 0.1064453125
1 0.8984375 0.5126953125 0.044921875 0.150390625
1 0.939453125 0.615234375 0.0625 0.1640625
0 0.1962890625 0.7919921875 0.390625 0.416015625