0 0.7802734375 0.1962890625 0.046875 0.0986328125
0 0.7802734375 0.123046875 0.029296875 0.0537109375
0 0.7607421875 0.13671875 0.0341796875 0.0615234375
0 0.7421875 0.158203125 0.0361328125 0.0654296875
0 0.7177734375 0.1865234375 0.0517578125 0.099609375
0 0.666015625 0.2216796875 0.0849609375 0.1220703125
1 0.724609375 0.2275390625 0.0390625 0.068359375
1 0.744140625 0.3388671875 0.041015625 0.11328125
0 0.5791015625 0.3076171875 0.1357421875 0.17578125
0 0.681640625 0.3525390625 0.1005859375 0.201171875
0 0.4248046875 0.48828125 0.2177734375 0.3115234375
0 0.5732421875 0.587890625 0.2421875 0.4423828125