1 0.3193359375 0.8359375 0.1318359375 0.2490234375
1 0.26171875 0.5869140625 0.0947265625 0.1845703125
1 0.3623046875 0.5458984375 0.0849609375 0.13671875
1 0.47265625 0.6181640625 0.095703125 0.232421875
1 0.400390625 0.4501953125 0.0712890625 0.1259765625
1 0.544921875 0.451171875 0.0634765625 0.1611328125
0 0.609375 0.2236328125 0.1884765625 0.3046875
0 0.740234375 0.103515625 0.07421875 0.1142578125
0 0.7255859375 0.171875 0.046875 0.08984375
0 0.755859375 0.2490234375 0.0673828125 0.1328125
0 0.7802734375 0.1962890625 0.0419921875 0.08203125
0 0.794921875 0.158203125 0.0322265625 0.08203125
1 0.7041015625 0.271484375 0.0341796875 0.0693359375
0 0.64453125 0.451171875 0.1611328125 0.3251953125