0 0.2763671875 0.3759765625 0.1865234375 0.189453125
0 0.478515625 0.4658203125 0.2099609375 0.3349609375
1 0.623046875 0.376953125 0.037109375 0.1142578125
1 0.6025390625 0.296875 0.03515625 0.0888671875
1 0.7802734375 0.2109375 0.021484375 0.0537109375
1 0.8056640625 0.1796875 0.015625 0.0390625
1 0.7978515625 0.1552734375 0.0126953125 0.0341796875
0 0.7763671875 0.126953125 0.0322265625 0.056640625
0 0.7529296875 0.15625 0.046875 0.0859375
0 0.7900390625 0.099609375 0.0224609375 0.0478515625
0 0.814453125 0.0810546875 0.021484375 0.0576171875
0 0.7216796875 0.3193359375 0.1015625 0.1962890625