1 0.2373046875 0.681640625 0.12890625 0.185546875
1 0.30859375 0.556640625 0.0634765625 0.1240234375
1 0.197265625 0.41015625 0.0732421875 0.107421875
1 0.3955078125 0.47265625 0.0693359375 0.15234375
1 0.6640625 0.515625 0.0703125 0.1591796875
1 0.712890625 0.4013671875 0.0498046875 0.13671875
1 0.6591796875 0.376953125 0.0380859375 0.1162109375
1 0.6240234375 0.333984375 0.03515625 0.107421875
0 0.5107421875 0.4501953125 0.21875 0.33203125
0 0.7333984375 0.291015625 0.091796875 0.1728515625
0 0.6923828125 0.2265625 0.080078125 0.1298828125
0 0.7724609375 0.19921875 0.0498046875 0.0908203125
1 0.806640625 0.208984375 0.0146484375 0.0537109375
0 0.7265625 0.1669921875 0.0556640625 0.0810546875
0 0.337890625 0.3505859375 0.1708984375 0.1513671875
1 0.4501953125 0.375 0.0361328125 0.08984375