1 0.53515625 0.2109375 0.03125 0.0732421875
1 0.6005859375 0.2763671875 0.0380859375 0.0732421875
1 0.3701171875 0.716796875 0.1103515625 0.22265625
1 0.490234375 0.5439453125 0.080078125 0.1865234375
0 0.5244140625 0.3515625 0.1328125 0.181640625
1 0.662109375 0.2666015625 0.02734375 0.0771484375
1 0.6904296875 0.2333984375 0.021484375 0.06640625
0 0.78515625 0.1767578125 0.0390625 0.0830078125
0 0.7158203125 0.173828125 0.052734375 0.0751953125
0 0.7529296875 0.142578125 0.03515625 0.064453125
0 0.77734375 0.1103515625 0.0224609375 0.037109375
0 0.72265625 0.2900390625 0.087890625 0.1689453125
1 0.8095703125 0.1484375 0.0126953125 0.0302734375
0 0.814453125 0.1220703125 0.0234375 0.04296875