1 0.859375 0.462890625 0.1005859375 0.142578125
1 0.7763671875 0.4384765625 0.107421875 0.14453125
1 0.521484375 0.6982421875 0.1953125 0.2314453125
1 0.3955078125 0.5771484375 0.1640625 0.19140625
1 0.365234375 0.328125 0.0625 0.1474609375
1 0.15234375 0.857421875 0.224609375 0.20703125
1 0.126953125 0.7080078125 0.2138671875 0.1640625
1 0.099609375 0.595703125 0.173828125 0.1435546875
0 0.2763671875 0.1982421875 0.13671875 0.185546875
0 0.3984375 0.1162109375 0.1484375 0.1240234375
0 0.3544921875 0.08984375 0.109375 0.1181640625
0 0.318359375 0.0576171875 0.1181640625 0.1044921875