0 0.208984375 0.75 0.41796875 0.5
0 0.5732421875 0.4150390625 0.212890625 0.33203125
0 0.7158203125 0.265625 0.1083984375 0.2060546875
0 0.921875 0.234375 0.0830078125 0.1689453125
0 0.8046875 0.2001953125 0.0810546875 0.171875
1 0.58203125 0.7783203125 0.111328125 0.265625
1 0.69140625 0.625 0.0751953125 0.22265625
1 0.7900390625 0.537109375 0.0654296875 0.197265625
1 0.8115234375 0.3466796875 0.060546875 0.11328125
1 0.7666015625 0.8583984375 0.099609375 0.2646484375
1 0.89453125 0.75390625 0.080078125 0.2470703125
1 0.8486328125 0.6142578125 0.0703125 0.23828125