1 0.267578125 0.6337890625 0.08984375 0.1845703125
1 0.359375 0.6533203125 0.099609375 0.2099609375
1 0.7041015625 0.4453125 0.0556640625 0.1513671875
1 0.7978515625 0.2080078125 0.0205078125 0.0576171875
0 0.796875 0.103515625 0.0234375 0.0380859375
0 0.7509765625 0.1435546875 0.03125 0.0654296875
0 0.7255859375 0.1650390625 0.0498046875 0.0869140625
0 0.693359375 0.208984375 0.0703125 0.0966796875
0 0.7509765625 0.2734375 0.06640625 0.1318359375
0 0.6455078125 0.283203125 0.10546875 0.142578125
0 0.5185546875 0.3662109375 0.1875 0.2314453125
0 0.5263671875 0.59765625 0.2646484375 0.4140625