1 0.240234375 0.6884765625 0.1259765625 0.1884765625
1 0.384765625 0.47265625 0.0546875 0.166015625
1 0.666015625 0.5126953125 0.05859375 0.1669921875
1 0.712890625 0.4013671875 0.046875 0.1259765625
1 0.66015625 0.3779296875 0.033203125 0.1064453125
1 0.626953125 0.3447265625 0.041015625 0.1181640625
0 0.5078125 0.4453125 0.2158203125 0.337890625
0 0.408203125 0.279296875 0.1591796875 0.1513671875
0 0.7314453125 0.2939453125 0.0966796875 0.1767578125
0 0.693359375 0.224609375 0.08203125 0.1123046875
0 0.7744140625 0.2001953125 0.0498046875 0.0947265625
0 0.724609375 0.169921875 0.05078125 0.0908203125
1 0.8076171875 0.208984375 0.0166015625 0.052734375
1 0.5400390625 0.1865234375 0.02734375 0.0537109375
1 0.3076171875 0.5458984375 0.0654296875 0.1240234375
1 0.455078125 0.3818359375 0.04296875 0.109375