0 0.80859375 0.1181640625 0.021484375 0.04296875
0 0.787109375 0.10546875 0.0185546875 0.0341796875
0 0.765625 0.1162109375 0.0283203125 0.0419921875
0 0.783203125 0.1669921875 0.0390625 0.09765625
0 0.740234375 0.14453125 0.0419921875 0.07421875
0 0.7587890625 0.2041015625 0.060546875 0.11328125
1 0.6806640625 0.2333984375 0.025390625 0.0703125
1 0.6943359375 0.30078125 0.0283203125 0.09765625
1 0.7138671875 0.2744140625 0.0224609375 0.07421875
1 0.7353515625 0.3369140625 0.033203125 0.11328125
1 0.62890625 0.4189453125 0.0556640625 0.130859375
1 0.58203125 0.3046875 0.0390625 0.087890625
0 0.4892578125 0.40625 0.189453125 0.2607421875
0 0.453125 0.7275390625 0.3408203125 0.521484375
1 0.64453125 0.3115234375 0.0341796875 0.07421875