0 0.8193359375 0.0927734375 0.01953125 0.0302734375
0 0.7939453125 0.103515625 0.021484375 0.03515625
0 0.7763671875 0.1181640625 0.0283203125 0.046875
1 0.810546875 0.130859375 0.0068359375 0.0283203125
1 0.796875 0.150390625 0.0107421875 0.0322265625
1 0.78515625 0.173828125 0.015625 0.0478515625
0 0.73046875 0.166015625 0.0595703125 0.0859375
1 0.7109375 0.2138671875 0.0205078125 0.0546875
0 0.66796875 0.2421875 0.0869140625 0.130859375
1 0.7001953125 0.3642578125 0.037109375 0.109375
0 0.5107421875 0.1943359375 0.09375 0.0908203125
1 0.4677734375 0.2666015625 0.0458984375 0.080078125
1 0.541015625 0.3388671875 0.0458984375 0.0908203125
0 0.3984375 0.5234375 0.291015625 0.390625
0 0.4755859375 0.716796875 0.3466796875 0.533203125