1 0.3037109375 0.5751953125 0.1630859375 0.205078125
0 0.73828125 0.5869140625 0.3701171875 0.361328125
1 0.517578125 0.4599609375 0.1103515625 0.1640625
1 0.3095703125 0.5947265625 0.1689453125 0.1689453125
1 0.1748046875 0.4970703125 0.1240234375 0.15625
0 0.2109375 0.7841796875 0.4169921875 0.34375
1 0.2724609375 0.2568359375 0.0556640625 0.1416015625
1 0.185546875 0.1513671875 0.0419921875 0.1025390625
0 0.1357421875 0.0849609375 0.0947265625 0.1298828125
0 0.35546875 0.1181640625 0.138671875 0.1669921875
0 0.28125 0.0791015625 0.1064453125 0.107421875
0 0.251953125 0.0576171875 0.1171875 0.109375