1 0.7470703125 0.2216796875 0.0166015625 0.060546875
0 0.7919921875 0.1787109375 0.0390625 0.0791015625
0 0.759765625 0.138671875 0.0322265625 0.04296875
0 0.8037109375 0.154296875 0.03125 0.0712890625
0 0.5302734375 0.2021484375 0.0869140625 0.123046875
0 0.6513671875 0.2236328125 0.1708984375 0.296875
1 0.640625 0.4521484375 0.0654296875 0.1513671875
1 0.51953125 0.51171875 0.0712890625 0.1650390625
1 0.5771484375 0.73046875 0.0830078125 0.24609375
1 0.4951171875 0.4404296875 0.04296875 0.134765625
1 0.484375 0.3720703125 0.05859375 0.119140625
1 0.3955078125 0.5869140625 0.0908203125 0.1826171875
1 0.302734375 0.5888671875 0.09375 0.1943359375
1 0.220703125 0.7939453125 0.1279296875 0.2392578125