0 0.541015625 0.49609375 0.33984375 0.2802734375
1 0.65625 0.6005859375 0.142578125 0.2294921875
1 0.7421875 0.333984375 0.1142578125 0.140625
1 0.2216796875 0.701171875 0.189453125 0.19140625
1 0.2548828125 0.796875 0.23828125 0.263671875
1 0.318359375 0.34765625 0.05859375 0.1484375
0 0.2890625 0.232421875 0.130859375 0.2041015625
0 0.3525390625 0.12109375 0.111328125 0.13671875
0 0.279296875 0.0732421875 0.099609375 0.0947265625
0 0.2578125 0.0595703125 0.1083984375 0.1142578125
1 0.4970703125 0.6953125 0.1875 0.2646484375
1 0.7802734375 0.8466796875 0.1630859375 0.2216796875