0 0.7705078125 0.1064453125 0.03515625 0.0625
0 0.802734375 0.1025390625 0.0185546875 0.0341796875
1 0.814453125 0.1640625 0.0126953125 0.04296875
0 0.77734375 0.1728515625 0.048828125 0.0810546875
1 0.7802734375 0.2412109375 0.0205078125 0.0654296875
1 0.7353515625 0.2529296875 0.0234375 0.0732421875
1 0.7060546875 0.185546875 0.0185546875 0.0517578125
1 0.7041015625 0.30078125 0.0302734375 0.0908203125
0 0.6708984375 0.240234375 0.076171875 0.1142578125
1 0.654296875 0.376953125 0.0390625 0.123046875
1 0.6708984375 0.4619140625 0.0478515625 0.150390625
1 0.5244140625 0.5517578125 0.0771484375 0.177734375
0 0.5654296875 0.3232421875 0.15234375 0.21875
0 0.7294921875 0.15625 0.04296875 0.0693359375