0 0.3271484375 0.603515625 0.263671875 0.4150390625
1 0.544921875 0.822265625 0.1123046875 0.271484375
1 0.4970703125 0.6201171875 0.072265625 0.203125
1 0.642578125 0.3291015625 0.0439453125 0.10546875
1 0.55859375 0.4443359375 0.0654296875 0.126953125
1 0.4892578125 0.384765625 0.0634765625 0.142578125
0 0.751953125 0.1513671875 0.025390625 0.0634765625
0 0.77734375 0.125 0.0224609375 0.046875
0 0.7958984375 0.109375 0.0166015625 0.041015625
0 0.81640625 0.1044921875 0.0166015625 0.03125
0 0.6953125 0.1865234375 0.0927734375 0.1669921875