1 0.26171875 0.390625 0.0654296875 0.123046875
1 0.419921875 0.7421875 0.1162109375 0.28125
1 0.771484375 0.3251953125 0.0341796875 0.1083984375
1 0.734375 0.3623046875 0.0341796875 0.111328125
1 0.7099609375 0.408203125 0.0361328125 0.09765625
1 0.6865234375 0.33984375 0.0380859375 0.05859375
1 0.73828125 0.244140625 0.02734375 0.0595703125
1 0.759765625 0.216796875 0.017578125 0.064453125
0 0.7490234375 0.138671875 0.0400390625 0.0673828125
0 0.7119140625 0.1806640625 0.0498046875 0.0927734375
0 0.6767578125 0.228515625 0.0830078125 0.1279296875
0 0.5859375 0.3125 0.150390625 0.2197265625
0 0.4189453125 0.49609375 0.255859375 0.3359375
0 0.6171875 0.5048828125 0.1787109375 0.3232421875