1 0.50390625 0.6318359375 0.0859375 0.216796875
1 0.4033203125 0.572265625 0.0869140625 0.2060546875
1 0.3017578125 0.568359375 0.08984375 0.185546875
1 0.470703125 0.46875 0.07421875 0.1318359375
1 0.5263671875 0.396484375 0.048828125 0.1181640625
1 0.5908203125 0.30859375 0.0341796875 0.0810546875
1 0.6220703125 0.275390625 0.03515625 0.0712890625
0 0.60546875 0.419921875 0.150390625 0.24609375
1 0.44140625 0.4091796875 0.0390625 0.1162109375
0 0.724609375 0.302734375 0.095703125 0.20703125
0 0.6669921875 0.2255859375 0.08203125 0.13671875
1 0.7783203125 0.2626953125 0.01953125 0.0869140625
0 0.72265625 0.1533203125 0.0458984375 0.08984375
0 0.7587890625 0.205078125 0.048828125 0.080078125
0 0.7939453125 0.1611328125 0.0400390625 0.087890625