1 0.45703125 0.2734375 0.0478515625 0.068359375
0 0.5146484375 0.1953125 0.10546875 0.1005859375
1 0.7939453125 0.1494140625 0.0107421875 0.0322265625
0 0.7822265625 0.115234375 0.02734375 0.044921875
0 0.7705078125 0.1240234375 0.0224609375 0.044921875
0 0.7568359375 0.134765625 0.0322265625 0.0537109375
0 0.748046875 0.16015625 0.0302734375 0.0634765625
0 0.716796875 0.1826171875 0.0546875 0.0888671875
0 0.763671875 0.24609375 0.05859375 0.125
1 0.7744140625 0.1787109375 0.01953125 0.041015625
0 0.68359375 0.2275390625 0.0849609375 0.1298828125
0 0.6953125 0.326171875 0.0888671875 0.1669921875
1 0.693359375 0.525390625 0.048828125 0.1591796875
0 0.576171875 0.4541015625 0.201171875 0.2744140625
1 0.375 0.595703125 0.08984375 0.1669921875
1 0.298828125 0.5791015625 0.0927734375 0.1953125