1 0.5634765625 0.7158203125 0.095703125 0.2265625
1 0.6435546875 0.5732421875 0.056640625 0.1708984375
1 0.75 0.4189453125 0.0341796875 0.1240234375
1 0.6865234375 0.44921875 0.0400390625 0.1455078125
1 0.61328125 0.439453125 0.041015625 0.14453125
1 0.310546875 0.560546875 0.0478515625 0.1708984375
0 0.71484375 0.2998046875 0.1083984375 0.1533203125
0 0.6298828125 0.2666015625 0.0908203125 0.1591796875
1 0.7783203125 0.2626953125 0.0234375 0.072265625
0 0.79296875 0.1689453125 0.04296875 0.0751953125
0 0.7578125 0.1376953125 0.037109375 0.06640625
0 0.7294921875 0.154296875 0.0400390625 0.0576171875
1 0.4140625 0.4560546875 0.044921875 0.1142578125
1 0.458984375 0.3837890625 0.0380859375 0.1015625