0 0.39453125 0.7451171875 0.431640625 0.50390625
0 0.4287109375 0.4541015625 0.2568359375 0.314453125
0 0.7333984375 0.166015625 0.048828125 0.0859375
0 0.794921875 0.1484375 0.056640625 0.1396484375
1 0.732421875 0.2314453125 0.0244140625 0.0849609375
1 0.759765625 0.2900390625 0.037109375 0.0986328125
1 0.72265625 0.3798828125 0.041015625 0.125
1 0.6708984375 0.32421875 0.0380859375 0.1005859375
1 0.607421875 0.4140625 0.0458984375 0.1337890625
1 0.6630859375 0.48046875 0.0615234375 0.166015625
0 0.63671875 0.2568359375 0.103515625 0.15234375