1 0.2998046875 0.564453125 0.091796875 0.1943359375
1 0.3916015625 0.6318359375 0.107421875 0.2060546875
0 0.5029296875 0.396484375 0.21484375 0.2783203125
0 0.5810546875 0.5673828125 0.2373046875 0.4443359375
0 0.75 0.2353515625 0.068359375 0.1474609375
0 0.744140625 0.138671875 0.0390625 0.0615234375
0 0.7880859375 0.1669921875 0.0390625 0.072265625
0 0.80078125 0.12890625 0.0263671875 0.0458984375
0 0.7978515625 0.083984375 0.0341796875 0.0615234375
1 0.77734375 0.1220703125 0.01171875 0.02734375
1 0.7666015625 0.125 0.009765625 0.03125