1 0.833984375 0.6865234375 0.0712890625 0.2138671875
1 0.6953125 0.8154296875 0.0810546875 0.2744140625
1 0.5986328125 0.7236328125 0.1025390625 0.28125
1 0.7177734375 0.5234375 0.0673828125 0.142578125
1 0.904296875 0.4169921875 0.0478515625 0.15625
1 0.8212890625 0.5029296875 0.0703125 0.1748046875
0 0.9091796875 0.2060546875 0.076171875 0.1640625
0 0.8671875 0.115234375 0.0556640625 0.103515625
0 0.7841796875 0.2099609375 0.1103515625 0.1865234375
0 0.6572265625 0.3203125 0.173828125 0.2685546875
0 0.462890625 0.5498046875 0.291015625 0.40625