1 0.5244140625 0.8486328125 0.1083984375 0.2666015625
1 0.306640625 0.818359375 0.142578125 0.224609375
1 0.234375 0.7216796875 0.0654296875 0.1875
1 0.572265625 0.51953125 0.0654296875 0.1630859375
1 0.6533203125 0.56640625 0.060546875 0.1982421875
1 0.697265625 0.4091796875 0.0498046875 0.14453125
0 0.4990234375 0.4013671875 0.16796875 0.255859375
0 0.7421875 0.2607421875 0.0830078125 0.1640625
0 0.6796875 0.208984375 0.083984375 0.1298828125
0 0.7529296875 0.1533203125 0.04296875 0.0654296875
0 0.7998046875 0.1494140625 0.0322265625 0.0673828125