1 0.4990234375 0.220703125 0.03515625 0.0595703125
1 0.408203125 0.2822265625 0.044921875 0.08203125
1 0.0810546875 0.4931640625 0.076171875 0.1181640625
1 0.603515625 0.2880859375 0.0234375 0.0830078125
1 0.6279296875 0.3115234375 0.037109375 0.0849609375
1 0.6865234375 0.28515625 0.0322265625 0.0849609375
1 0.7373046875 0.2783203125 0.021484375 0.0830078125
1 0.74609375 0.3271484375 0.0341796875 0.1064453125
0 0.4560546875 0.439453125 0.2255859375 0.314453125
0 0.578125 0.544921875 0.2255859375 0.4091796875
0 0.787109375 0.181640625 0.041015625 0.078125
0 0.8056640625 0.1357421875 0.0244140625 0.048828125
0 0.755859375 0.1396484375 0.0341796875 0.0693359375
0 0.7353515625 0.1611328125 0.0439453125 0.07421875
0 0.68359375 0.2099609375 0.0771484375 0.111328125