0 0.77734375 0.212890625 0.1083984375 0.18359375
0 0.84375 0.1513671875 0.0673828125 0.138671875
0 0.6162109375 0.4013671875 0.2021484375 0.2822265625
0 0.40234375 0.7255859375 0.3935546875 0.5380859375
1 0.603515625 0.8623046875 0.1064453125 0.2275390625
1 0.7470703125 0.6591796875 0.0859375 0.2529296875
1 0.78125 0.8740234375 0.103515625 0.2451171875
1 0.9140625 0.35546875 0.0439453125 0.1357421875
1 0.87109375 0.2744140625 0.0419921875 0.1083984375
1 0.8271484375 0.3193359375 0.0478515625 0.1064453125
1 0.748046875 0.4052734375 0.0498046875 0.12109375
1 0.818359375 0.5185546875 0.052734375 0.203125
1 0.876953125 0.603515625 0.072265625 0.2412109375
1 0.66796875 0.5576171875 0.09765625 0.2177734375