0 0.5068359375 0.4765625 0.2509765625 0.361328125
0 0.904296875 0.2841796875 0.1025390625 0.2392578125
0 0.783203125 0.2080078125 0.11328125 0.189453125
0 0.6767578125 0.30078125 0.142578125 0.23046875
1 0.4775390625 0.8955078125 0.1484375 0.2080078125
1 0.626953125 0.75390625 0.0986328125 0.27734375
1 0.7412109375 0.6572265625 0.0751953125 0.2255859375
1 0.7978515625 0.7431640625 0.0693359375 0.2490234375
1 0.8388671875 0.8779296875 0.0869140625 0.2421875
1 0.7724609375 0.4091796875 0.0751953125 0.158203125
0 0.1650390625 0.8076171875 0.3251953125 0.384765625