1 0.755859375 0.3974609375 0.0478515625 0.154296875
0 0.6201171875 0.5859375 0.357421875 0.3349609375
1 0.3642578125 0.5654296875 0.1572265625 0.19140625
1 0.4052734375 0.7978515625 0.2021484375 0.24609375
1 0.09765625 0.638671875 0.1572265625 0.19140625
1 0.3486328125 0.3662109375 0.052734375 0.1376953125
0 0.3779296875 0.2490234375 0.1376953125 0.1767578125
0 0.4033203125 0.1171875 0.1455078125 0.1259765625
0 0.3466796875 0.0888671875 0.109375 0.1123046875
0 0.3154296875 0.06640625 0.109375 0.111328125
1 0.212890625 0.7451171875 0.1865234375 0.2314453125