1 0.51953125 0.4091796875 0.0517578125 0.1142578125
1 0.5849609375 0.357421875 0.041015625 0.119140625
1 0.4833984375 0.357421875 0.0478515625 0.0732421875
1 0.671875 0.2529296875 0.02734375 0.064453125
1 0.6318359375 0.3046875 0.0400390625 0.0751953125
1 0.6123046875 0.2841796875 0.0302734375 0.0908203125
1 0.7470703125 0.3173828125 0.0380859375 0.09375
1 0.7392578125 0.212890625 0.021484375 0.0654296875
1 0.7607421875 0.236328125 0.0224609375 0.0654296875
1 0.7822265625 0.21875 0.0166015625 0.0576171875
0 0.3671875 0.5908203125 0.287109375 0.4736328125
0 0.662109375 0.3984375 0.134765625 0.2158203125
0 0.74609375 0.154296875 0.041015625 0.072265625
0 0.7666015625 0.1201171875 0.0244140625 0.0419921875
1 0.796875 0.18359375 0.015625 0.046875
1 0.7783203125 0.162109375 0.015625 0.0400390625