1 0.4736328125 0.4287109375 0.0625 0.140625
1 0.40234375 0.6171875 0.1025390625 0.166015625
1 0.5703125 0.81640625 0.08984375 0.2431640625
1 0.2509765625 0.6337890625 0.1240234375 0.1591796875
0 0.7900390625 0.1611328125 0.037109375 0.0712890625
0 0.7470703125 0.146484375 0.0341796875 0.068359375
1 0.6943359375 0.2353515625 0.0244140625 0.0634765625
0 0.7099609375 0.1728515625 0.060546875 0.0966796875
1 0.775390625 0.248046875 0.0224609375 0.060546875
0 0.6171875 0.271484375 0.107421875 0.15625
0 0.7216796875 0.3046875 0.0927734375 0.1689453125