0 0.4208984375 0.4921875 0.2470703125 0.3642578125
0 0.6220703125 0.2734375 0.10546875 0.171875
0 0.7275390625 0.2958984375 0.0849609375 0.169921875
1 0.779296875 0.2578125 0.0244140625 0.0771484375
1 0.69140625 0.2314453125 0.029296875 0.064453125
1 0.7607421875 0.1865234375 0.01953125 0.0419921875
0 0.7294921875 0.1591796875 0.0419921875 0.0712890625
0 0.7578125 0.130859375 0.0400390625 0.064453125
0 0.7978515625 0.1484375 0.0390625 0.0625
1 0.408203125 0.318359375 0.0498046875 0.0859375
1 0.802734375 0.1845703125 0.0205078125 0.05078125