1 0.2861328125 0.603515625 0.0966796875 0.1875
1 0.419921875 0.65625 0.0947265625 0.2099609375
1 0.5048828125 0.708984375 0.0712890625 0.2099609375
1 0.626953125 0.767578125 0.078125 0.2431640625
1 0.7177734375 0.1904296875 0.0224609375 0.0595703125
1 0.748046875 0.3037109375 0.0322265625 0.091796875
0 0.580078125 0.16796875 0.0859375 0.087890625
0 0.3935546875 0.2705078125 0.1484375 0.1494140625
0 0.6455078125 0.2578125 0.0859375 0.1435546875
0 0.5537109375 0.3740234375 0.1767578125 0.2880859375
0 0.6611328125 0.451171875 0.15625 0.2861328125