1 0.3466796875 0.6533203125 0.1123046875 0.2197265625
1 0.35546875 0.53125 0.1025390625 0.134765625
1 0.73046875 0.38671875 0.0380859375 0.1220703125
1 0.75390625 0.2939453125 0.0322265625 0.0810546875
1 0.7041015625 0.3095703125 0.029296875 0.09765625
1 0.662109375 0.275390625 0.0361328125 0.08984375
1 0.6845703125 0.2265625 0.0234375 0.0634765625
1 0.7822265625 0.171875 0.015625 0.0439453125
0 0.765625 0.1181640625 0.02734375 0.0517578125
0 0.80859375 0.1083984375 0.041015625 0.1025390625
0 0.74609375 0.1494140625 0.0419921875 0.0693359375
0 0.7197265625 0.1796875 0.056640625 0.0966796875
0 0.5625 0.3056640625 0.14453125 0.212890625
0 0.6005859375 0.451171875 0.1845703125 0.3125