1 0.4609375 0.73046875 0.1474609375 0.2255859375
1 0.685546875 0.7529296875 0.0673828125 0.1982421875
1 0.7470703125 0.5830078125 0.0556640625 0.1708984375
1 0.58984375 0.685546875 0.0908203125 0.19140625
1 0.396484375 0.509765625 0.0908203125 0.1455078125
1 0.4462890625 0.552734375 0.0751953125 0.15234375
1 0.5205078125 0.58203125 0.0693359375 0.1259765625
1 0.5673828125 0.4755859375 0.0693359375 0.125
1 0.62890625 0.517578125 0.076171875 0.1220703125
1 0.486328125 0.4033203125 0.072265625 0.1123046875
1 0.7666015625 0.2705078125 0.03125 0.078125
1 0.7109375 0.328125 0.0341796875 0.1044921875
1 0.6767578125 0.3740234375 0.0361328125 0.0947265625
0 0.626953125 0.2900390625 0.13671875 0.177734375
0 0.7265625 0.2041015625 0.09375 0.11328125
0 0.7978515625 0.1484375 0.046875 0.0859375
0 0.828125 0.1259765625 0.0380859375 0.0654296875
0 0.841796875 0.1064453125 0.0322265625 0.0546875
0 0.869140625 0.099609375 0.02734375 0.046875