0 0.5107421875 0.7001953125 0.447265625 0.435546875
1 0.6669921875 0.4306640625 0.1103515625 0.16796875
1 0.76953125 0.4951171875 0.1064453125 0.150390625
1 0.8759765625 0.49609375 0.12890625 0.1689453125
1 0.9052734375 0.3818359375 0.0888671875 0.1005859375
1 0.2490234375 0.6806640625 0.125 0.2138671875
0 0.099609375 0.6259765625 0.19921875 0.310546875
1 0.1005859375 0.8603515625 0.2001953125 0.2001953125
0 0.3544921875 0.123046875 0.1220703125 0.146484375
0 0.2841796875 0.0859375 0.1083984375 0.11328125
0 0.251953125 0.0625 0.1044921875 0.1083984375