1 0.537109375 0.5029296875 0.1123046875 0.1611328125
0 0.8310546875 0.5966796875 0.3271484375 0.3466796875
0 0.2626953125 0.416015625 0.2685546875 0.3330078125
1 0.28515625 0.5556640625 0.166015625 0.1884765625
1 0.642578125 0.4873046875 0.1005859375 0.1640625
0 0.8974609375 0.3779296875 0.1982421875 0.2158203125
0 0.216796875 0.7666015625 0.4296875 0.373046875
1 0.548828125 0.8486328125 0.138671875 0.220703125
0 0.3486328125 0.123046875 0.126953125 0.140625
0 0.283203125 0.0791015625 0.1005859375 0.0947265625
0 0.2529296875 0.0556640625 0.1083984375 0.1015625