0 0.3173828125 0.7080078125 0.369140625 0.5458984375
0 0.62109375 0.3583984375 0.185546875 0.302734375
0 0.7412109375 0.240234375 0.09765625 0.197265625
0 0.8251953125 0.1875 0.0966796875 0.1767578125
0 0.9423828125 0.19921875 0.06640625 0.1630859375
1 0.8095703125 0.7333984375 0.0859375 0.2353515625
1 0.5146484375 0.8896484375 0.1201171875 0.1953125
1 0.6669921875 0.65625 0.111328125 0.2265625
1 0.9375 0.599609375 0.0546875 0.20703125
1 0.830078125 0.453125 0.05078125 0.166015625
1 0.7451171875 0.525390625 0.064453125 0.1787109375
1 0.8369140625 0.296875 0.05859375 0.0966796875
1 0.88671875 0.5234375 0.0625 0.189453125