0 0.4716796875 0.7099609375 0.2998046875 0.5302734375
1 0.66796875 0.40234375 0.0517578125 0.12890625
1 0.55859375 0.4560546875 0.0791015625 0.091796875
0 0.5712890625 0.3154296875 0.1376953125 0.1865234375
1 0.6767578125 0.3056640625 0.033203125 0.08203125
1 0.6455078125 0.2734375 0.029296875 0.0771484375
0 0.7509765625 0.2490234375 0.078125 0.142578125
0 0.6806640625 0.208984375 0.076171875 0.12109375
0 0.7177734375 0.173828125 0.041015625 0.091796875
0 0.7783203125 0.189453125 0.044921875 0.0810546875
1 0.8154296875 0.1962890625 0.015625 0.0498046875
0 0.76171875 0.1259765625 0.033203125 0.052734375
0 0.779296875 0.1162109375 0.0244140625 0.041015625
0 0.806640625 0.130859375 0.0302734375 0.046875