0 0.576171875 0.345703125 0.142578125 0.22265625
0 0.669921875 0.212890625 0.0771484375 0.1279296875
0 0.74609375 0.2470703125 0.0673828125 0.134765625
1 0.6943359375 0.4638671875 0.044921875 0.15234375
1 0.1337890625 0.7109375 0.1171875 0.1748046875
1 0.302734375 0.8515625 0.126953125 0.25390625
1 0.44921875 0.7548828125 0.095703125 0.2685546875
1 0.572265625 0.7529296875 0.0869140625 0.2607421875
0 0.79296875 0.14453125 0.0341796875 0.0693359375
0 0.734375 0.150390625 0.0498046875 0.07421875
1 0.7841796875 0.21875 0.01953125 0.0625
1 0.712890625 0.3388671875 0.0380859375 0.0908203125