0 0.814453125 0.107421875 0.0244140625 0.0458984375
0 0.7822265625 0.1162109375 0.021484375 0.044921875
0 0.7578125 0.140625 0.0400390625 0.0615234375
1 0.7890625 0.1728515625 0.0126953125 0.04296875
1 0.7568359375 0.2265625 0.0205078125 0.0595703125
0 0.68359375 0.2119140625 0.0830078125 0.119140625
1 0.6181640625 0.298828125 0.03125 0.0634765625
1 0.6455078125 0.427734375 0.048828125 0.130859375
0 0.537109375 0.396484375 0.1806640625 0.2578125
1 0.369140625 0.2841796875 0.041015625 0.0830078125
0 0.095703125 0.5439453125 0.1806640625 0.279296875
1 0.134765625 0.7919921875 0.1259765625 0.2646484375