0 0.412109375 0.4736328125 0.23828125 0.376953125
0 0.5263671875 0.6298828125 0.2744140625 0.505859375
0 0.6044921875 0.275390625 0.123046875 0.173828125
1 0.69921875 0.38671875 0.0478515625 0.125
1 0.7763671875 0.3310546875 0.03515625 0.0927734375
0 0.7197265625 0.2822265625 0.080078125 0.1484375
1 0.7783203125 0.2548828125 0.029296875 0.072265625
0 0.783203125 0.181640625 0.05078125 0.08203125
0 0.7373046875 0.1591796875 0.046875 0.08203125
0 0.80859375 0.130859375 0.0263671875 0.0458984375
0 0.77734375 0.1181640625 0.0224609375 0.0439453125
0 0.7685546875 0.1318359375 0.02734375 0.046875