1 0.2626953125 0.5888671875 0.095703125 0.1728515625
1 0.380859375 0.564453125 0.0888671875 0.1611328125
1 0.3359375 0.4912109375 0.0419921875 0.1728515625
1 0.4287109375 0.8134765625 0.126953125 0.2451171875
1 0.5322265625 0.646484375 0.0849609375 0.234375
1 0.7734375 0.3408203125 0.033203125 0.09375
1 0.7392578125 0.3486328125 0.0302734375 0.091796875
1 0.7529296875 0.2216796875 0.0205078125 0.064453125
0 0.697265625 0.20703125 0.0712890625 0.11328125
1 0.7734375 0.216796875 0.0224609375 0.0634765625
0 0.521484375 0.3583984375 0.1669921875 0.234375
0 0.650390625 0.3994140625 0.13671875 0.33203125