1 0.3408203125 0.814453125 0.1337890625 0.2392578125
1 0.2568359375 0.595703125 0.099609375 0.1767578125
1 0.3603515625 0.556640625 0.0869140625 0.1455078125
1 0.4765625 0.626953125 0.0947265625 0.224609375
1 0.400390625 0.4521484375 0.0654296875 0.1298828125
1 0.5400390625 0.4453125 0.0576171875 0.140625
1 0.7353515625 0.2548828125 0.0224609375 0.0693359375
1 0.7080078125 0.28125 0.0263671875 0.05859375
0 0.78515625 0.1904296875 0.037109375 0.0791015625
0 0.7275390625 0.1796875 0.0478515625 0.0888671875
0 0.7412109375 0.119140625 0.0625 0.11328125
0 0.7978515625 0.134765625 0.0244140625 0.0498046875
0 0.6357421875 0.4482421875 0.1640625 0.3134765625
0 0.79296875 0.099609375 0.0205078125 0.0322265625
1 0.818359375 0.1279296875 0.009765625 0.0302734375