1 0.337890625 0.6123046875 0.087890625 0.1982421875
1 0.443359375 0.55859375 0.0849609375 0.177734375
1 0.521484375 0.4541015625 0.0576171875 0.1474609375
0 0.5966796875 0.5048828125 0.20703125 0.3662109375
0 0.7158203125 0.3486328125 0.095703125 0.1845703125
0 0.75390625 0.263671875 0.0771484375 0.13671875
0 0.57421875 0.3134765625 0.142578125 0.2080078125
1 0.66796875 0.2958984375 0.0263671875 0.072265625
1 0.654296875 0.2568359375 0.0234375 0.0791015625
1 0.7646484375 0.1826171875 0.0234375 0.0537109375
0 0.78515625 0.1123046875 0.029296875 0.0439453125
0 0.8173828125 0.103515625 0.0224609375 0.0439453125