1 0.37890625 0.5361328125 0.08203125 0.181640625
0 0.619140625 0.4599609375 0.169921875 0.2958984375
0 0.595703125 0.2890625 0.123046875 0.16796875
1 0.705078125 0.314453125 0.0322265625 0.0869140625
1 0.6884765625 0.2783203125 0.025390625 0.0859375
0 0.7578125 0.2392578125 0.0712890625 0.134765625
0 0.6806640625 0.2021484375 0.0791015625 0.1123046875
0 0.716796875 0.173828125 0.048828125 0.0927734375
0 0.7783203125 0.1845703125 0.0439453125 0.072265625
1 0.814453125 0.193359375 0.0126953125 0.0439453125
0 0.7783203125 0.115234375 0.025390625 0.037109375
0 0.806640625 0.1279296875 0.029296875 0.044921875
0 0.7607421875 0.1220703125 0.0390625 0.0439453125