0 0.8134765625 0.1201171875 0.0224609375 0.0439453125
0 0.7802734375 0.1171875 0.0234375 0.052734375
0 0.7978515625 0.0908203125 0.0185546875 0.03515625
0 0.822265625 0.1005859375 0.0166015625 0.0302734375
0 0.7578125 0.1455078125 0.0400390625 0.0634765625
0 0.6943359375 0.212890625 0.078125 0.1494140625
1 0.7421875 0.2861328125 0.025390625 0.08203125
1 0.763671875 0.2451171875 0.02734375 0.06640625
1 0.6201171875 0.4091796875 0.044921875 0.138671875
1 0.6650390625 0.4580078125 0.056640625 0.142578125
1 0.3525390625 0.318359375 0.060546875 0.0986328125
1 0.5166015625 0.2119140625 0.033203125 0.0673828125
0 0.4658203125 0.7109375 0.3212890625 0.552734375