1 0.24609375 0.3818359375 0.068359375 0.1083984375
1 0.359375 0.908203125 0.1298828125 0.17578125
0 0.3681640625 0.5791015625 0.251953125 0.3994140625
1 0.48046875 0.390625 0.0537109375 0.111328125
1 0.5478515625 0.443359375 0.0615234375 0.142578125
1 0.6728515625 0.478515625 0.0595703125 0.173828125
1 0.5947265625 0.33984375 0.0361328125 0.1083984375
1 0.630859375 0.291015625 0.0380859375 0.08203125
1 0.669921875 0.32421875 0.0400390625 0.09765625
1 0.7080078125 0.2880859375 0.02734375 0.083984375
1 0.7421875 0.29296875 0.029296875 0.0859375
1 0.7763671875 0.2373046875 0.0244140625 0.0703125
1 0.7255859375 0.208984375 0.0166015625 0.048828125
0 0.6689453125 0.2177734375 0.0791015625 0.109375
0 0.7529296875 0.14453125 0.033203125 0.0595703125
0 0.77734375 0.115234375 0.0234375 0.048828125
0 0.8017578125 0.083984375 0.037109375 0.0693359375