0 0.435546875 0.46875 0.23046875 0.3447265625
0 0.64453125 0.4765625 0.16796875 0.3291015625
1 0.5546875 0.3173828125 0.0458984375 0.0810546875
1 0.609375 0.3369140625 0.04296875 0.0947265625
1 0.7451171875 0.3505859375 0.0400390625 0.1064453125
1 0.77734375 0.2607421875 0.0244140625 0.0703125
1 0.7080078125 0.248046875 0.025390625 0.0751953125
1 0.6650390625 0.2900390625 0.029296875 0.064453125
0 0.6953125 0.1904296875 0.0595703125 0.08984375
0 0.744140625 0.1455078125 0.048828125 0.0693359375
0 0.7841796875 0.1650390625 0.0458984375 0.0751953125
1 0.7587890625 0.224609375 0.0205078125 0.0595703125
1 0.7900390625 0.22265625 0.0205078125 0.05859375