1 0.4892578125 0.59765625 0.0966796875 0.1875
1 0.3564453125 0.6396484375 0.103515625 0.1708984375
1 0.296875 0.5556640625 0.087890625 0.17578125
0 0.525390625 0.376953125 0.16796875 0.2373046875
0 0.677734375 0.41796875 0.1083984375 0.2412109375
0 0.6494140625 0.2666015625 0.0859375 0.1669921875
0 0.7666015625 0.232421875 0.0654296875 0.1142578125
0 0.7001953125 0.1943359375 0.0595703125 0.08984375
0 0.73828125 0.1650390625 0.044921875 0.0673828125
0 0.7900390625 0.185546875 0.0478515625 0.0927734375
0 0.5234375 0.2060546875 0.091796875 0.1083984375
0 0.392578125 0.31640625 0.1630859375 0.1689453125
1 0.2109375 0.3828125 0.0888671875 0.11328125
1 0.583984375 0.255859375 0.0400390625 0.078125