1 0.8583984375 0.599609375 0.1298828125 0.208984375
1 0.9541015625 0.3994140625 0.078125 0.1298828125
1 0.6474609375 0.48046875 0.1259765625 0.16015625
1 0.5615234375 0.7119140625 0.173828125 0.1748046875
1 0.4111328125 0.5546875 0.173828125 0.19921875
1 0.134765625 0.72265625 0.208984375 0.1982421875
1 0.1123046875 0.615234375 0.1923828125 0.1796875
1 0.552734375 0.5751953125 0.1494140625 0.1953125
1 0.36328125 0.2578125 0.0537109375 0.12890625
0 0.2470703125 0.1572265625 0.1201171875 0.158203125
0 0.3984375 0.11328125 0.12890625 0.1103515625
0 0.3486328125 0.087890625 0.1064453125 0.115234375
0 0.3212890625 0.0751953125 0.123046875 0.1005859375