1 0.34375 0.6640625 0.10546875 0.2177734375
1 0.2802734375 0.587890625 0.0537109375 0.193359375
1 0.49609375 0.5927734375 0.099609375 0.1455078125
1 0.4365234375 0.466796875 0.0712890625 0.1533203125
1 0.640625 0.587890625 0.0751953125 0.1943359375
1 0.7021484375 0.4736328125 0.05078125 0.16015625
1 0.556640625 0.388671875 0.0439453125 0.119140625
1 0.6201171875 0.3916015625 0.044921875 0.13671875
1 0.736328125 0.3505859375 0.03515625 0.1171875
1 0.705078125 0.3056640625 0.0341796875 0.09765625
1 0.7529296875 0.2822265625 0.025390625 0.083984375
0 0.6337890625 0.2568359375 0.0947265625 0.1376953125
0 0.767578125 0.2099609375 0.060546875 0.115234375
0 0.7216796875 0.16796875 0.060546875 0.095703125
0 0.8056640625 0.1376953125 0.02734375 0.0634765625
0 0.765625 0.1357421875 0.03515625 0.0537109375