1 0.2451171875 0.76953125 0.1298828125 0.1845703125
1 0.279296875 0.58984375 0.09375 0.1474609375
1 0.4931640625 0.6796875 0.123046875 0.2275390625
1 0.4921875 0.44140625 0.087890625 0.1455078125
0 0.65625 0.4013671875 0.142578125 0.24609375
0 0.6025390625 0.2958984375 0.1142578125 0.1787109375
1 0.7177734375 0.2978515625 0.0283203125 0.0849609375
0 0.7626953125 0.2314453125 0.064453125 0.1220703125
0 0.6806640625 0.2021484375 0.076171875 0.1044921875
0 0.7177734375 0.173828125 0.0458984375 0.0947265625
1 0.8134765625 0.19140625 0.0166015625 0.0478515625
0 0.76171875 0.1240234375 0.0380859375 0.046875
0 0.8076171875 0.130859375 0.029296875 0.041015625
0 0.7802734375 0.1171875 0.0224609375 0.0400390625