1 0.515625 0.888671875 0.1181640625 0.22265625
1 0.3369140625 0.8779296875 0.1572265625 0.244140625
1 0.4443359375 0.5234375 0.0771484375 0.189453125
1 0.2861328125 0.5576171875 0.0966796875 0.1318359375
1 0.5986328125 0.4833984375 0.0625 0.1494140625
1 0.546875 0.3818359375 0.0576171875 0.119140625
1 0.7041015625 0.427734375 0.052734375 0.1171875
1 0.625 0.3427734375 0.0498046875 0.1123046875
1 0.6845703125 0.267578125 0.03125 0.076171875
1 0.791015625 0.220703125 0.0185546875 0.060546875
1 0.7685546875 0.2080078125 0.021484375 0.0595703125
0 0.705078125 0.1943359375 0.0703125 0.1044921875
0 0.73828125 0.142578125 0.044921875 0.0849609375
0 0.7958984375 0.14453125 0.0361328125 0.0615234375
1 0.111328125 0.5185546875 0.08203125 0.1328125
1 0.71484375 0.32421875 0.0439453125 0.0771484375