1 0.3408203125 0.5927734375 0.0830078125 0.2177734375
1 0.44140625 0.5595703125 0.0771484375 0.2177734375
1 0.5283203125 0.4501953125 0.0595703125 0.166015625
0 0.7197265625 0.349609375 0.0908203125 0.193359375
0 0.5966796875 0.5068359375 0.2021484375 0.35546875
0 0.5771484375 0.3095703125 0.13671875 0.1904296875
1 0.6708984375 0.2958984375 0.0361328125 0.0859375
1 0.642578125 0.2265625 0.0361328125 0.0673828125
1 0.6865234375 0.2099609375 0.0302734375 0.0595703125
1 0.759765625 0.1806640625 0.021484375 0.05078125
0 0.7529296875 0.265625 0.0732421875 0.13671875