1 0.40625 0.2685546875 0.0478515625 0.080078125
1 0.2099609375 0.421875 0.08203125 0.1298828125
1 0.408203125 0.486328125 0.06640625 0.1650390625
1 0.4619140625 0.5439453125 0.072265625 0.1787109375
1 0.5068359375 0.3486328125 0.02734375 0.076171875
1 0.529296875 0.4140625 0.068359375 0.1162109375
1 0.603515625 0.3046875 0.037109375 0.1025390625
1 0.6328125 0.4189453125 0.041015625 0.14453125
1 0.6533203125 0.54296875 0.0576171875 0.1845703125
1 0.7041015625 0.330078125 0.0341796875 0.10546875
1 0.7353515625 0.375 0.041015625 0.1259765625
1 0.7666015625 0.28125 0.0263671875 0.0830078125
0 0.701171875 0.220703125 0.076171875 0.111328125
0 0.7841796875 0.1484375 0.0634765625 0.150390625
0 0.16796875 0.7373046875 0.310546875 0.5185546875