1 0.4521484375 0.701171875 0.095703125 0.2021484375
1 0.673828125 0.6259765625 0.0673828125 0.1982421875
1 0.6279296875 0.5244140625 0.0556640625 0.171875
1 0.544921875 0.625 0.0615234375 0.2060546875
1 0.5341796875 0.5244140625 0.0556640625 0.1650390625
1 0.703125 0.4580078125 0.0546875 0.140625
1 0.6025390625 0.4326171875 0.0546875 0.1162109375
0 0.435546875 0.466796875 0.22265625 0.3173828125
0 0.6005859375 0.2939453125 0.1357421875 0.1787109375
0 0.7353515625 0.2900390625 0.1142578125 0.1884765625
0 0.677734375 0.2265625 0.078125 0.12109375
0 0.763671875 0.2138671875 0.0537109375 0.1123046875
0 0.72265625 0.171875 0.05078125 0.087890625
0 0.7470703125 0.1474609375 0.0390625 0.06640625