1 0.421875 0.7470703125 0.1220703125 0.2373046875
0 0.4169921875 0.4990234375 0.244140625 0.3310546875
0 0.6162109375 0.5078125 0.1796875 0.3115234375
0 0.5859375 0.3115234375 0.1494140625 0.2119140625
1 0.521484375 0.322265625 0.03125 0.09375
1 0.7060546875 0.4248046875 0.0458984375 0.1201171875
1 0.7744140625 0.34375 0.0283203125 0.09765625
1 0.7314453125 0.3642578125 0.0263671875 0.09375
1 0.802734375 0.224609375 0.01953125 0.060546875
0 0.666015625 0.244140625 0.07421875 0.1396484375
0 0.697265625 0.185546875 0.0595703125 0.091796875
0 0.763671875 0.2197265625 0.0556640625 0.10546875
0 0.7275390625 0.1572265625 0.0419921875 0.080078125
0 0.75390625 0.1396484375 0.037109375 0.0634765625
1 0.7177734375 0.2822265625 0.0263671875 0.08203125
1 0.6806640625 0.36328125 0.033203125 0.068359375