1 0.39453125 0.5732421875 0.0830078125 0.1650390625
1 0.326171875 0.546875 0.0810546875 0.1708984375
1 0.5205078125 0.431640625 0.0703125 0.138671875
1 0.619140625 0.3173828125 0.03125 0.095703125
0 0.673828125 0.3701171875 0.146484375 0.24609375
1 0.7333984375 0.2470703125 0.033203125 0.064453125
0 0.6865234375 0.208984375 0.07421875 0.0966796875
0 0.765625 0.177734375 0.052734375 0.0966796875
0 0.7578125 0.1337890625 0.0341796875 0.0537109375
1 0.8037109375 0.1376953125 0.01171875 0.03515625
0 0.7958984375 0.099609375 0.0224609375 0.0400390625