1 0.5263671875 0.869140625 0.0908203125 0.248046875
0 0.2822265625 0.71875 0.3369140625 0.5341796875
1 0.490234375 0.4130859375 0.060546875 0.1279296875
1 0.5869140625 0.4091796875 0.048828125 0.1328125
1 0.625 0.47265625 0.060546875 0.1708984375
1 0.7255859375 0.2734375 0.021484375 0.0712890625
1 0.7001953125 0.333984375 0.0322265625 0.08984375
0 0.6494140625 0.2607421875 0.0966796875 0.1513671875
0 0.6962890625 0.1884765625 0.060546875 0.0947265625
1 0.7470703125 0.1875 0.01171875 0.0458984375
0 0.744140625 0.1552734375 0.0361328125 0.0615234375
0 0.7783203125 0.2001953125 0.052734375 0.0986328125
0 0.7646484375 0.134765625 0.021484375 0.0439453125
0 0.7958984375 0.162109375 0.029296875 0.0693359375