0 0.375 0.6015625 0.2978515625 0.4609375
0 0.671875 0.3671875 0.134765625 0.24609375
0 0.5869140625 0.302734375 0.125 0.2001953125
0 0.673828125 0.212890625 0.078125 0.1318359375
0 0.7470703125 0.2255859375 0.0634765625 0.109375
1 0.7587890625 0.2939453125 0.03125 0.0986328125
1 0.7978515625 0.2666015625 0.025390625 0.076171875
1 0.7880859375 0.2275390625 0.0185546875 0.0654296875
0 0.79296875 0.1689453125 0.0458984375 0.083984375
0 0.7490234375 0.1484375 0.0400390625 0.0810546875
0 0.8095703125 0.12890625 0.025390625 0.052734375
0 0.7705078125 0.12890625 0.0263671875 0.046875
0 0.77734375 0.11328125 0.0263671875 0.0361328125