0 0.4072265625 0.5029296875 0.2451171875 0.3916015625
0 0.541015625 0.677734375 0.2607421875 0.5078125
1 0.6962890625 0.4619140625 0.041015625 0.140625
1 0.5859375 0.3486328125 0.0341796875 0.1142578125
1 0.6875 0.3671875 0.0283203125 0.1015625
1 0.7509765625 0.3330078125 0.03515625 0.107421875
1 0.7255859375 0.2734375 0.0244140625 0.0849609375
0 0.7041015625 0.185546875 0.0634765625 0.087890625
0 0.7734375 0.205078125 0.0576171875 0.099609375
0 0.7392578125 0.1474609375 0.0419921875 0.076171875
0 0.787109375 0.1611328125 0.04296875 0.064453125
1 0.5185546875 0.357421875 0.0615234375 0.103515625
1 0.6162109375 0.4169921875 0.0703125 0.06640625