1 0.501953125 0.45703125 0.0595703125 0.150390625
1 0.3916015625 0.49609375 0.0751953125 0.1328125
1 0.3271484375 0.6572265625 0.107421875 0.20703125
1 0.5966796875 0.7333984375 0.0830078125 0.240234375
1 0.634765625 0.4560546875 0.0654296875 0.140625
0 0.609375 0.294921875 0.1181640625 0.1728515625
0 0.69921875 0.201171875 0.0615234375 0.095703125
1 0.7421875 0.1875 0.017578125 0.048828125
0 0.771484375 0.2041015625 0.0576171875 0.09375
0 0.8037109375 0.1435546875 0.029296875 0.056640625
0 0.744140625 0.1416015625 0.041015625 0.05859375
0 0.7705078125 0.123046875 0.0263671875 0.0439453125