1 0.4912109375 0.873046875 0.1328125 0.25390625
1 0.693359375 0.8701171875 0.0888671875 0.2216796875
1 0.7373046875 0.60546875 0.06640625 0.16796875
1 0.138671875 0.595703125 0.1083984375 0.171875
1 0.1201171875 0.4384765625 0.0751953125 0.1220703125
1 0.2841796875 0.5546875 0.0966796875 0.1689453125
1 0.4287109375 0.3994140625 0.0771484375 0.1298828125
1 0.791015625 0.3681640625 0.0390625 0.1162109375
1 0.869140625 0.3037109375 0.03125 0.091796875
1 0.830078125 0.3115234375 0.0322265625 0.1005859375
1 0.546875 0.3427734375 0.060546875 0.123046875
1 0.625 0.255859375 0.05078125 0.083984375
1 0.6904296875 0.193359375 0.037109375 0.0732421875
0 0.6298828125 0.3984375 0.1923828125 0.2890625
0 0.76171875 0.1806640625 0.0810546875 0.115234375
0 0.89453125 0.1181640625 0.04296875 0.1015625
1 0.8349609375 0.212890625 0.03125 0.07421875