1 0.166015625 0.890625 0.205078125 0.21875
1 0.75 0.54296875 0.0556640625 0.173828125
1 0.3115234375 0.3212890625 0.0634765625 0.1357421875
1 0.533203125 0.5390625 0.080078125 0.1552734375
1 0.4462890625 0.5625 0.091796875 0.1806640625
1 0.357421875 0.501953125 0.0859375 0.16796875
1 0.3427734375 0.4462890625 0.072265625 0.1513671875
1 0.4306640625 0.423828125 0.0751953125 0.125
1 0.4755859375 0.4189453125 0.0732421875 0.1640625
1 0.51953125 0.3310546875 0.056640625 0.095703125
1 0.5537109375 0.390625 0.05859375 0.12109375
1 0.611328125 0.4091796875 0.0595703125 0.1396484375
1 0.6337890625 0.328125 0.052734375 0.1064453125
1 0.57421875 0.2900390625 0.0625 0.12890625
0 0.693359375 0.2392578125 0.123046875 0.169921875
1 0.8486328125 0.33203125 0.03125 0.103515625