1 0.478515625 0.5537109375 0.0771484375 0.18359375
1 0.3720703125 0.501953125 0.0947265625 0.1630859375
1 0.4580078125 0.412109375 0.0703125 0.1708984375
1 0.50390625 0.357421875 0.05859375 0.138671875
1 0.724609375 0.82421875 0.080078125 0.21875
1 0.724609375 0.6162109375 0.068359375 0.177734375
0 0.650390625 0.462890625 0.1953125 0.3466796875
0 0.78125 0.3115234375 0.09765625 0.1982421875
0 0.6484375 0.26953125 0.1396484375 0.171875
0 0.740234375 0.16015625 0.10546875 0.17578125
1 0.572265625 0.9013671875 0.1025390625 0.197265625
1 0.845703125 0.1884765625 0.0166015625 0.0498046875
0 0.8330078125 0.1435546875 0.0458984375 0.0908203125
0 0.806640625 0.16796875 0.037109375 0.1083984375