1 0.8115234375 0.587890625 0.0498046875 0.1708984375
1 0.6669921875 0.7265625 0.0849609375 0.2177734375
1 0.6689453125 0.5703125 0.0615234375 0.150390625
1 0.373046875 0.892578125 0.1376953125 0.21484375
1 0.265625 0.7919921875 0.1328125 0.212890625
1 0.0986328125 0.5693359375 0.091796875 0.1396484375
1 0.474609375 0.5361328125 0.0888671875 0.171875
1 0.2783203125 0.603515625 0.1162109375 0.169921875
1 0.2744140625 0.51171875 0.09375 0.1455078125
1 0.25390625 0.4580078125 0.1015625 0.150390625
1 0.4453125 0.359375 0.072265625 0.12890625
1 0.578125 0.3251953125 0.0546875 0.1201171875
1 0.6025390625 0.265625 0.0458984375 0.08203125
1 0.6728515625 0.255859375 0.0400390625 0.09765625
1 0.69921875 0.205078125 0.033203125 0.0732421875
1 0.7958984375 0.42578125 0.044921875 0.1298828125
1 0.84375 0.2958984375 0.029296875 0.08984375
0 0.74609375 0.294921875 0.1279296875 0.19140625
0 0.78515625 0.1630859375 0.0673828125 0.095703125
0 0.9033203125 0.09765625 0.029296875 0.087890625
0 0.794921875 0.0615234375 0.0302734375 0.048828125
1 0.822265625 0.11328125 0.015625 0.0419921875
1 0.87109375 0.25390625 0.0234375 0.076171875
1 0.048828125 0.705078125 0.09765625 0.16796875