1 0.6083984375 0.658203125 0.080078125 0.2109375
1 0.7265625 0.6455078125 0.06640625 0.1923828125
1 0.7216796875 0.462890625 0.0546875 0.1474609375
1 0.4765625 0.369140625 0.060546875 0.1279296875
1 0.23046875 0.388671875 0.07421875 0.12890625
1 0.302734375 0.486328125 0.09765625 0.142578125
1 0.0693359375 0.7099609375 0.107421875 0.1796875
0 0.201171875 0.775390625 0.375 0.44921875
1 0.5166015625 0.2080078125 0.04296875 0.0849609375
1 0.669921875 0.369140625 0.0576171875 0.1171875
1 0.6455078125 0.2236328125 0.0400390625 0.103515625
0 0.6845703125 0.2392578125 0.115234375 0.154296875
0 0.8720703125 0.1611328125 0.0576171875 0.1513671875
1 0.6923828125 0.1298828125 0.0234375 0.0458984375
1 0.7646484375 0.1552734375 0.02734375 0.0498046875
1 0.7900390625 0.134765625 0.0224609375 0.048828125